1|1|1|0|10500|0
1|2|1|1|14500|1
1|3|2|0|7500|00
1|4|2|0|7500|11
1|5|2|1|10500|11
1|6|3|0|6000|011
1|7|3|0|6000|000
1|8|3|1|8000|101
2|1|1|0|12500|1
2|2|1|1|16500|1
2|3|2|0|9500|10
2|4|2|0|9500|10
2|5|2|1|12500|01
2|6|3|0|7500|011
2|7|3|0|7500|101
2|8|3|1|10000|100
3|1|1|0|12000|1
3|2|1|1|16000|1
3|3|2|0|9000|01
3|4|2|0|9000|10
3|5|2|1|12000|10
3|6|3|0|7000|110
3|7|3|0|7000|101
3|8|3|1|9500|000
4|1|1|0|11500|1
4|2|1|1|15500|1
4|3|2|0|8500|10
4|4|2|0|8500|10
4|5|2|1|11500|10
4|6|3|0|6500|010
4|7|3|0|6500|010
4|8|3|1|9000|100
5|1|1|0|11500|1
5|2|1|1|15500|0
5|3|2|0|8500|11
5|4|2|0|8500|00
5|5|2|1|11500|00
5|6|3|0|6500|111
5|7|3|0|6500|001
5|8|3|1|9000|111
6|1|1|0|11500|1
6|2|1|1|15500|0
6|3|2|0|8500|01
6|4|2|0|8500|10
6|5|2|1|11500|00
6|6|3|0|6500|000
6|7|3|0|6500|000
6|8|3|1|9000|110
7|1|1|0|11500|1
7|2|1|1|15500|1
7|3|2|0|8500|11
7|4|2|0|8500|11
7|5|2|1|11500|11
7|6|3|0|6500|001
7|7|3|0|6500|111
7|8|3|1|9000|100
8|1|1|0|10500|0
8|2|1|1|14500|0
8|3|2|0|7500|00
8|4|2|0|7500|01
8|5|2|1|10500|01
8|6|3|0|6000|000
8|7|3|0|6000|101
8|8|3|1|8000|000
9|1|1|0|12000|0
9|2|1|1|16000|0
9|3|2|0|9000|00
9|4|2|0|9000|11
9|5|2|1|12000|10
9|6|3|0|7000|100
9|7|3|0|7000|000
9|8|3|1|9500|101
10|1|1|0|12000|1
10|2|1|1|16000|1
10|3|2|0|9000|01
10|4|2|0|9000|00
10|5|2|1|12000|01
10|6|3|0|7000|010
10|7|3|0|7000|011
10|8|3|1|9500|010
11|1|1|0|11500|0
11|2|1|1|15500|0
11|3|2|0|8500|11
11|4|2|0|8500|01
11|5|2|1|11500|00
11|6|3|0|6500|000
11|7|3|0|6500|001
11|8|3|1|9000|010
12|1|1|0|11000|1
12|2|1|1|15000|0
12|3|2|0|8000|01
12|4|2|0|8000|11
12|5|2|1|11000|10
12|6|3|0|6000|111
12|7|3|0|6000|010
12|8|3|1|8500|001
13|1|1|0|14000|0
13|2|1|1|18000|0
13|3|2|0|11000|01
13|4|2|0|11000|10
13|5|2|1|14000|11
13|6|3|0|9000|000
13|7|3|0|9000|001
13|8|3|1|11500|111
14|1|1|0|14500|0
14|2|1|1|18500|0
14|3|2|0|11500|00
14|4|2|0|11500|00
14|5|2|1|14500|00
14|6|3|0|9500|100
14|7|3|0|9500|011
14|8|3|1|12000|111
15|1|1|0|14500|1
15|2|1|1|18500|0
15|3|2|0|11500|11
15|4|2|0|11500|01
15|5|2|1|14500|00
15|6|3|0|9500|111
15|7|3|0|9500|011
15|8|3|1|12000|101
16|1|1|0|13000|1
16|2|1|1|17000|0
16|3|2|0|10000|10
16|4|2|0|10000|11
16|5|2|1|13000|01
16|6|3|0|8000|000
16|7|3|0|8000|001
16|8|3|1|10500|000
17|1|1|0|13500|0
17|2|1|1|17500|0
17|3|2|0|10500|01
17|4|2|0|10500|01
17|5|2|1|13500|00
17|6|3|0|8500|100
17|7|3|0|8500|110
17|8|3|1|11000|111
18|1|1|0|13500|1
18|2|1|1|17500|0
18|3|2|0|10500|10
18|4|2|0|10500|01
18|5|2|1|13500|10
18|6|3|0|8500|001
18|7|3|0|8500|100
18|8|3|1|11000|000
19|1|1|0|14500|1
19|2|1|1|18500|1
19|3|2|0|11500|11
19|4|2|0|11500|10
19|5|2|1|14500|11
19|6|3|0|9500|100
19|7|3|0|9500|011
19|8|3|1|12000|101
20|1|1|0|14500|1
20|2|1|1|18500|0
20|3|2|0|11500|11
20|4|2|0|11500|11
20|5|2|1|14500|10
20|6|3|0|9500|101
20|7|3|0|9500|010
20|8|3|1|12000|110
21|1|1|0|13000|0
21|2|1|1|17000|0
21|3|2|0|10000|01
21|4|2|0|10000|01
21|5|2|1|13000|00
21|6|3|0|8000|010
21|7|3|0|8000|000
21|8|3|1|10500|001
22|1|1|0|13500|1
22|2|1|1|17500|1
22|3|2|0|10500|00
22|4|2|0|10500|10
22|5|2|1|13500|11
22|6|3|0|8500|011
22|7|3|0|8500|010
22|8|3|1|11000|010
23|1|1|0|13500|0
23|2|1|1|17500|1
23|3|2|0|10500|00
23|4|2|0|10500|01
23|5|2|1|13500|00
23|6|3|0|8500|000
23|7|3|0|8500|111
23|8|3|1|11000|010
24|1|1|0|13000|1
24|2|1|1|17000|0
24|3|2|0|10000|00
24|4|2|0|10000|10
24|5|2|1|13000|10
24|6|3|0|8000|010
24|7|3|0|8000|001
24|8|3|1|10500|110
25|1|1|0|12500|0
25|2|1|1|16500|0
25|3|2|0|9500|11
25|4|2|0|9500|10
25|5|2|1|12500|01
25|6|3|0|7500|100
25|7|3|0|7500|101
25|8|3|1|10000|111
26|1|1|0|12000|0
26|2|1|1|16000|1
26|3|2|0|9000|11
26|4|2|0|9000|00
26|5|2|1|12000|11
26|6|3|0|7000|111
26|7|3|0|7000|010
26|8|3|1|9500|110
27|1|1|0|14000|0
27|2|1|1|18000|0
27|3|2|0|11000|00
27|4|2|0|11000|10
27|5|2|1|14000|00
27|6|3|0|9000|011
27|7|3|0|9000|010
27|8|3|1|11500|110
28|1|1|0|14000|1
28|2|1|1|18000|0
28|3|2|0|11000|10
28|4|2|0|11000|00
28|5|2|1|14000|01
28|6|3|0|9000|010
28|7|3|0|9000|110
28|8|3|1|11500|110
29|1|1|0|11000|1
29|2|1|1|15000|1
29|3|2|0|8000|11
29|4|2|0|8000|11
29|5|2|1|11000|00
29|6|3|0|6000|011
29|7|3|0|6000|111
29|8|3|1|8500|000
30|1|1|0|12500|1
30|2|1|1|16500|1
30|3|2|0|9500|00
30|4|2|0|9500|00
30|5|2|1|12500|11
30|6|3|0|7500|100
30|7|3|0|7500|000
30|8|3|1|10000|000
31|1|1|0|12000|0
31|2|1|1|16000|0
31|3|2|0|9000|01
31|4|2|0|9000|01
31|5|2|1|12000|10
31|6|3|0|7000|110
31|7|3|0|7000|100
31|8|3|1|9500|110
32|1|1|0|11000|1
32|2|1|1|15000|1
32|3|2|0|8000|00
32|4|2|0|8000|11
32|5|2|1|11000|11
32|6|3|0|6000|000
32|7|3|0|6000|111
32|8|3|1|8500|101
33|1|1|0|11000|0
33|2|1|1|15000|1
33|3|2|0|8000|00
33|4|2|0|8000|11
33|5|2|1|11000|10
33|6|3|0|6000|011
33|7|3|0|6000|101
33|8|3|1|8500|111
34|1|1|0|11000|1
34|2|1|1|15000|0
34|3|2|0|8000|00
34|4|2|0|8000|10
34|5|2|1|11000|00
34|6|3|0|6000|111
34|7|3|0|6000|110
34|8|3|1|8500|001
35|1|1|0|12000|1
35|2|1|1|16000|0
35|3|2|0|9000|11
35|4|2|0|9000|01
35|5|2|1|12000|10
35|6|3|0|7000|011
35|7|3|0|7000|101
35|8|3|1|9500|001
36|1|1|0|12000|0
36|2|1|1|16000|1
36|3|2|0|9000|00
36|4|2|0|9000|00
36|5|2|1|12000|10
36|6|3|0|7000|100
36|7|3|0|7000|000
36|8|3|1|9500|010
37|1|3|1|15000|000
